1.000000 0.000000
0.999013 0.000134
0.996057 0.000543
0.991144 0.001243
0.984292 0.002259
0.975528 0.003622
0.964888 0.005362
0.952414 0.007506
0.938153 0.010067
0.922164 0.013038
0.904508 0.016388
0.885257 0.020066
0.864484 0.024142
0.842274 0.028680
0.818712 0.033453
0.793893 0.038681
0.767913 0.044296
0.740877 0.050041
0.712890 0.056222
0.684062 0.062538
0.654508 0.068883
0.624345 0.075508
0.593691 0.081801
0.562667 0.088043
0.531395 0.093857
0.500000 0.099244
0.468605 0.104301
0.437333 0.108728
0.406309 0.112192
0.375655 0.115066
0.345492 0.116809
0.315938 0.117721
0.287110 0.117575
0.259123 0.115681
0.232087 0.112866
0.206107 0.109007
0.181288 0.104181
0.157726 0.098574
0.135516 0.092306
0.114743 0.085410
0.095492 0.077718
0.077836 0.070149
0.061847 0.061355
0.047586 0.053453
0.035112 0.045059
0.024472 0.036781
0.015708 0.028586
0.008856 0.020596
0.003943 0.013007
0.000987 0.005521
0.000000 0.000000
0.000987 -0.007451
0.003943 -0.013302
0.008856 -0.019363
0.015708 -0.025150
0.024472 -0.030716
0.035112 -0.036562
0.047586 -0.042802
0.061847 -0.049233
0.077836 -0.055384
0.095492 -0.061403
0.114743 -0.067316
0.135516 -0.072906
0.157726 -0.077973
0.181288 -0.082533
0.206107 -0.086472
0.232087 -0.089577
0.259123 -0.092060
0.287110 -0.093680
0.315938 -0.094053
0.345492 -0.093070
0.375655 -0.091049
0.406309 -0.087775
0.437333 -0.083178
0.468605 -0.077288
0.500000 -0.070362
0.531395 -0.062557
0.562667 -0.054215
0.593691 -0.045804
0.624345 -0.037587
0.654508 -0.029690
0.684062 -0.022463
0.712890 -0.016087
0.740877 -0.010488
0.767913 -0.005961
0.793893 -0.002235
0.818712 0.000700
0.842274 0.002797
0.864484 0.004179
0.885257 0.004811
0.904508 0.004502
0.922164 0.003613
0.938153 0.002547
0.952414 0.001564
0.964888 0.000798
0.975528 0.000294
0.984292 0.000027
0.991144 -0.000064
0.996057 -0.000055
0.999013 -0.000018
1.000000 0.000000
