  0.00000000   0.00000000
  0.01000000   0.05970704
  0.05000000   0.12558482
  0.10000000   0.16263967
  0.15000000   0.17026559
  0.20000000   0.16330242
  0.25000000   0.15577884
  0.30000000   0.14770285
  0.35000000   0.13916750
  0.40000000   0.13025146
  0.45000000   0.12096039
  0.50000000   0.11127969
  0.55000000   0.10126237
  0.60000000   0.09106778
  0.65000000   0.08079186
  0.70000000   0.07019347
  0.75000000   0.05904898
  0.80000000   0.04788263
  0.85000000   0.03703898
  0.90000000   0.02525076
  0.95000000   0.01282743
  1.00000000   0.00000000
  0.00000000   0.00000000
  0.01000000  -0.05869811
  0.05000000  -0.12457222
  0.10000000  -0.16158356
  0.15000000  -0.17821667
  0.20000000  -0.18000483
  0.25000000  -0.16722683
  0.30000000  -0.15051038
  0.35000000  -0.13455976
  0.40000000  -0.11931277
  0.45000000  -0.10471399
  0.50000000  -0.09078995
  0.55000000  -0.07760109
  0.60000000  -0.06515826
  0.65000000  -0.05342787
  0.70000000  -0.04275957
  0.75000000  -0.03400778
  0.80000000  -0.02672782
  0.85000000  -0.01933948
  0.90000000  -0.01298541
  0.95000000  -0.00752424
  1.00000000   0.00000000
