0.0 0.0 4.4640 5.0 0.0
0.2 0.2 4.4640 5.0 0.0
1.0091 1.0091 4.4640 5.0 0.0
1.9182 1.9182 4.4640 5.0 0.0
2.8273 2.8273 4.4640 5.0 0.0
3.7361 3.9369 4.4623 4.9375 -0.00088
4.6469 4.845 4.4051 4.9376 -0.01679
5.5515 5.9632 4.2853 4.6987 -0.047491
6.4679 6.8681 4.1635 4.4374 -0.079494
7.3693 7.7825 4.0381 4.1770 -0.11097
8.2865 8.6868 3.9108 3.9191 -0.14300
9.1874 9.5751 3.7858 3.6581 -0.17446
10.1046 10.4794 3.6588 3.4034 -0.20649
11.0056 11.3676 3.5340 3.1459 -0.23795
11.9228 12.2719 3.4072 2.8948 -0.26998
12.7228 13.0607 3.2965 2.6192 -0.30145
13.7409 14.0645 3.1561 2.3947 -0.33348
14.6419 14.9528 3.0318 2.1332 -0.36494
15.5591 15.8571 2.9054 1.8665 -0.39697
16.4600 16.7453 2.7813 1.5954 -0.42843
17.3773 17.6496 2.6551 1.3295 -0.46046
18.2782 18.5379 2.5311 1.0593 -0.49192
19.1954 19.4422 2.4050 0.7942 -0.52395
19.9955 20.2310 2.2950 0.5184 -0.55542
21.0136 21.2347 2.1551 0.2604 -0.58745